6.266630 524.820888
4.038625 444.979439
8.623106 593.602182
4.723816 471.727346
3.671359 429.549733
0.020991 54.959110
0.219107 152.462239
1.744759 327.415542
9.222578 609.460030
2.214367 356.981141
5.703522 506.388895
2.989203 398.271535
4.296954 455.349528
3.322565 414.033156
1.214073 287.156043
9.049018 604.924831
1.452463 306.395029
0.629410 226.183777
4.452189 461.409003
8.370522 586.750289
1.489493 309.198055
0.763280 242.671536
7.061393 549.358795
5.138557 486.851506
4.050145 445.449934
4.375515 458.431542
5.937676 514.169858
9.105120 606.395638
6.563442 534.171880
3.934776 440.702481
6.067421 518.408538
2.182204 355.088170
6.486583 531.772926
1.446181 305.915033
7.613251 565.533427
9.212346 609.193891
5.652534 504.671246
4.194191 451.268683
1.324144 296.313929
3.778032 434.120729
2.190675 355.588412
4.369676 458.203585
0.221150 153.007023
4.528013 464.324735
7.268606 555.508521
0.735282 239.391290
5.559446 501.513002
3.147939 405.900762
2.056788 347.537459
2.193033 355.727443
8.181233 581.544594
6.595935 535.181469
8.265936 583.881721
6.543995 533.566343
9.150043 607.570037
3.981389 442.630237
9.559677 618.145680
7.326590 557.212566
8.925584 601.672183
8.101352 579.328867
8.518017 590.764252
9.208014 609.081173
3.053226 401.377078
4.173966 450.458714
4.962175 480.507114
1.504293 310.306035
0.826034 249.746550
2.319323 363.043076
4.878645 477.458125
3.723161 431.779039
3.593487 426.163466
2.770732 387.362511
9.216429 609.300125
8.324360 585.486494
1.727970 326.271113
5.056322 483.909099
8.544161 591.471952
0.530485 212.435534
5.477954 498.723971
3.584317 425.761849
1.331515 296.909551
0.153366 132.693208
3.886923 438.709587
4.706677 471.086461
4.935723 479.544746
3.770875 433.816442
1.942325 340.392806
5.959980 514.902095
2.573217 377.043207
4.083281 446.798951
9.613159 619.509265
6.070282 518.501452
1.500789 310.044304
1.987382 343.235668
9.716320 622.128649
5.839743 510.936532
5.800615 509.636313
6.248537 524.243170
5.517931 500.095033
5.371155 495.033555
